0110101011011100011110111
0101100001010101011000011
0111110011111010111000111
1111000000010010101001001
1011101011011101100110000
0010011100011000010000100
0101111011101000000100010
1000111101110001111001000
1000000101000010010011110
1110101111101101100101000
1001001010011000111010011
0110011110100111111100000
1011010011110010010101010
1101100111111110101011101
0010001111001010100110100
1111101111000111101101001
0111100001100011111111100
1011110010000010100010000
0110111000101011101010100
0001101101101001100111100
0000101101010011101010000
1110000000110011010111010
1110110011101111110000101
1001011001101110001110101
0101011100010101100011000